288 GUlDO ARETINO

eludere pel definitivo 11101110 6 quella (1116116 Ρο11111056, (16
0111, 116 16 perseeuzioni sofferte, 116 16 00111 de' Veseovi, 116 611
011011 001156611111, 6161611611 (115116110 1ἐ11111110 6 16 11161116, 6 116116
quiete della (111616 (1651661616 1161010 (11 6511611616 0116 Dio 10 01116-
1116556 6 1600061161· 11 maggior premio dei 116116 511651 161611117
6 (161 11616611 0011 161116 6666105116 6 0011 161110 6111016 5051611011.

Τ611 6116111161 (1011110 5061111616 16 111111116 00110111510111. Ma
quando pel motivo 501116 60061111610 0011111101610110 16 00111656;
(11161100 1160611610 16 (1151111116 0111 (10116556 001106(161·51 l'onore (11·
aver 16000110 5111 111111011110 0 sul 1011111116 (16116 06111616 1110-
11651106 11 661110 (16116 111115106; 611016 16 parole 1516556(161 sog-
66110 1111116156111161116 ammirato 11011 61111610 6 (1116 pisi (1116110
0116 166111161116 (1106116110; 611016 06111 singola vicenda della 5116
vita, ogni 11111 1111111116 6 116110116 1116110 11116165561116 1161110016-
1·116, 11110 6 (111651’ 111111116 0011 161116 6111161166 (16 1111 516550
11611616, (111161111610 0666110 (11 (1150115510116, 6 (1611610 111060 6
1111111161056 6(1 11151611111061111 110610116. Ε(1 6000, 11610116 fin sul-
1’ (11111116 116116 (161 1105110 lavoro, sacro 111 111110 6 001111 0116
(1150111656 16 56116 (11 (1116116 1111611κί0111 16 (111611 0660611610110
16 1161116116 (16116 fronto (1611’111116116 5001616, 6000 perche 5161110
116111 (1111110110 6116 11016111106 6 6116 0111106, senza 11611111116 0116
vi 561111111 possibile (1151161156106116.

Ε 11011 616 0116 51 ereda, per questo di 110161116 11061616 vau-
16661 505161161611, 516 1161 16 maggior 610116 (16116 0616111116
0116 1161161116, 516 1161 165010 0116 1’ (1111611116 deve 1616 (16116
memorie 6 (16116 azioni (161 61611(11; 1116 5010 perche 6(1 06110110,
6110116 116116 minime 0056, 1161166 (161616116116 0116 611 5151161111
(unicuique secum) 6 5011161111110 perche 51 116116 0011 (11161116 16-
11100111τί 6(1 61161616 1 Γ6111ς 6 001116 altresi 16 01606 fede dei
11111 001100156 6 riprodurre successivamente 6 6 perpetuare 16
111656116676 (volontarie 0 110 0116 fossero) di un solo, 116511111-
1611(10 111 verita 1110011011556 611 611611 giudizi 6 16 11011 legit-
time conseguenze.

